0:21,1:26,2:35,3:23,4:12,5:14,6:51,7:35,8:33,9:11,10:49,11:12,12:37,13:23,14:43,15:41,16:36,17:17,18:38,19:24,20:16,21:40,22:24,23:45,24:39,25:49,26:36,27:33,28:42,29:37,30:57,31:25,32:16,33:20,34:33,35:41,36:17,37:52,38:24,39:19,40:56,41:52,42:28,43:14,44:23,45:40,46:42,47:31,48:47,49:57,50:40,51:18,52:35,53:11,54:40,55:46,56:23,57:22,58:29,59:37,60:44,61:35,62:22,63:10,64:49,65:45,66:34,67:55,68:41,69:57,70:44,71:53,72:48,73:20,74:23,75:14,76:38,77:32,78:44,79:15,80:14,81:10,82:53,83:24,84:46,85:44,86:43,87:14,88:12,89:45,90:35,91:34,92:30,93:50,94:22,95:53,96:31,97:55,98:50,99:35,100:43,101:49,102:15,103:31,104:33,105:32,106:18,107:21,108:44,109:18,110:42,111:25,112:36,113:29,114:35,115:54,116:22,117:16,118:41,119:34,120:40,121:42,122:14,123:11,124:33

40
0:15,16,20,24,25,26,48,51,58,59,70,75,85,86,95,98
1:25,28,30,47,67,77,79,84,88,90
2:9,12,13,15,26,27,41,42,65,66,67,68,75,77,81,85,86,89,92,93,96,100
3:35,36,38,40,49,66,69,73,80,88,90,93,97,102
4:15,19,20,29,31,42,44,48,52,57,60,70,73,76,84,90,98,99,101,105,106,109
5:12,17,18,19,20,29,33,39,40,42,45,53,55,56,62,68,70,71,73,75,88,93,95
6:12,20,22,38,39,47,48,51,54,57,64,76,77,84,100,107,109,111,114,116,118
7:14,16,20,26,27,28,30,32,38,39,41,42,47,51,53,54,55,65,66,68,71,73,74,75,83,86,87,113
8:25,26,30,39,41,42,43,48,59,68,72,76,97,98,114
9:23,26,27,32,34,40,43,45,46,48,52,53,57,71,81,82,85,94,98,100,109
10:28,34,35,39,52,58,63,66,68,74,75,77,78,87,90,92,94,96
11:21,25,28,30,31,43,51,57,66,67,75,84,107
12:13,28,30,31,36,40,44,46,48,49,57,71,78,80,83,86,91,101
13:5,11,17,26,35,37,40,43,60,66,67,68,73,77,78,85,94
14:30,32,41,50,51,59,61,62,84,94,102
15:41,42,44,45,51,52,54,58,63,68,78,80,81,92,96
16:13,15,23,27,29,41,53,74,84,86,87,89,96,99,102
17:34,41,42,47,56,57,59,61,63,67,69,71,74,75,79,93,95,103,107,109,113,115
18:33,40,45,48,49,52,58,84,85,107,109,112
19:6,7,16,17,18,19,29,33,38,39,48,50,64,65,74,76,78,81,82,84,88,92,97,100
20:21,22,31,41,48,58,61,71,73,74,77,89,102,104
21:22,25,38,41,45,60,61,83,90,91,105,106,108
22:32,34,36,40,42,45,47,50,52,57,58,60,62,64,65,74,75,83,85,86,87,91,93,101,104,109,114,121
23:8,9,21,22,25,29,31,46,47,49,52,66,69,80,84,89,91
24:21,32,33,38,44,70,86,95,101,102
25:18,26,31,35,37,44,64,75,79,84,88,90,92,97,102
26:5,9,11,14,15,16,23,27,31,36,38,50,56,63,69,72,73,78,80,82,83,84,91,92,94,102,110
27:28,35,37,41,51,56,58,80,83,92
28:28,35,37,43,47,48,49,51,58,64,65,75,78,88,91,94,95,102,105,107,113
29:12,13,19,21,23,24,27,28,30,32,33,34,35,37,39,41,42,51,62,64,67,74,88,93,99,103,104,111,114
30:11,15,18,19,23,30,35,37,38,42,45,47,52,54,55,57,61,63,65,68,71,79,81,83,85,89,93,99,105,110,113
31:12,17,18,29,30,32,42,43,45,47,52,60,61,65,76,77,82,86,100,104,105,107,109,110,111,115
32:40,44,59,66,67,69,71,74,79,82,86,90,92,97,103,110,113,114,116
33:6,13,19,26,32,34,41,44,45,47,48,49,52,58,69,71,73,79,82
34:17,19,20,23,38,39,43,47,51,52,55,62,63,65,68,69,75,76,78,79,84,85,87,105,117
35:26,29,33,56,70,75,78,82,90,92,101,108,109
36:41,51,52,62,66,73,74,79,85,103,106,112,113
37:21,26,27,29,30,39,41,58,59,61,62,63,64,66,73,74,81,85,92,94,96
38:22,25,27,32,37,43,45,54,55,62,70,82,92,95
39:21,26,30,37,38,40,49,50,58,64,65,71,73,76,78,82,84,93,94,101,103

busCapacity=60
numberOfIterations=400
poolOfSpecimens=40
mutationChance=20
crossoverBernoulli=0.4
crossoverChance=70