1 132035 225429 177896
2 82329 206650 163001
3 79157 192669 148580
4 72091 196600 136900
5 60385 202989 131304
6 60218 200812 124073
7 47108 225714 117184
8 35448 202496 111630
9 35448 200087 108144
10 33918 204313 106034
11 27574 210314 101394
12 22469 249481 104114
13 19904 230609 97857
14 16332 196618 95690
15 15464 201734 92878
16 14973 216068 94131
17 13556 193909 91470
18 13135 205967 89737
19 10951 201066 86554
20 10951 218346 89189
21 10792 196265 91377
22 9870 196499 87371
23 9842 199688 87673
24 8752 209186 86343
25 8652 199261 85153
26 8443 203337 83908
27 8443 210265 85502
28 8443 194595 84203
29 8443 199043 82865
30 8443 196779 83700
31 8443 203791 83440
32 8443 218502 84935
33 8443 206474 87185
34 8443 197781 83506
35 8443 210528 86731
36 8422 204743 90119
37 8422 207117 86013
38 8422 203519 84500
39 8422 204668 85445
40 8422 208184 87407
41 8422 205877 82350
42 8422 197635 81187
43 8422 215027 82638
44 8422 196062 82001
45 8422 212119 86119
