1 1220 3768 2424
2 1220 4092 2175
3 838 4062 2013
4 716 3726 1877
5 716 4346 1794
6 666 4246 1691
7 600 3892 1616
8 574 3520 1536
9 554 4098 1520
10 554 4190 1504
11 546 4082 1466
12 544 4612 1457
13 544 4538 1418
14 540 4286 1395
15 532 4286 1406
16 532 4246 1435
17 532 4522 1391
18 530 4502 1404
19 530 4110 1382
20 530 3810 1363
21 530 3810 1378
22 526 3810 1377
23 526 4856 1394
24 526 4846 1356
25 526 4168 1365
26 524 3848 1381
27 520 3806 1349
28 520 3570 1388
29 520 4078 1384
30 520 3782 1361
31 520 3858 1374
32 520 3786 1344
33 520 3796 1369
34 520 4372 1370
35 520 4372 1376
36 520 4968 1354
