1 117540 213061 178189
2 107353 222247 163861
3 87166 219942 152221
4 67019 225882 142130
5 58658 207094 133781
6 53361 250922 125564
7 38606 223807 119681
8 28887 223527 116060
9 28251 251757 111230
10 23218 223495 107096
11 19701 216143 102700
12 19314 207871 98635
13 14267 206952 95956
14 12827 212323 93500
15 12167 213219 92085
16 9103 208383 91872
17 6361 221956 89897
18 5316 213951 89096
19 4566 234926 87412
20 4410 229009 86008
21 3322 228223 84963
22 3322 227911 84274
23 2972 212379 84031
24 2493 224149 84531
25 2279 254627 85648
26 2249 252420 84845
27 2168 232204 81389
28 2101 235803 80962
29 2082 225665 80766
30 2082 205716 81633
31 2081 208631 80653
32 2081 236179 82397
33 2081 236179 82113
34 2081 236179 83684
35 2052 236179 82748
36 2052 235407 82805
37 2052 235407 80788
38 2052 235407 82388
39 2034 235407 83219
40 2034 280470 82635
41 2034 274994 81011
42 2034 216515 82033
43 2034 208270 82078
44 2034 214071 82500
45 2034 218483 84508
46 2034 228858 83992
47 2034 227142 82758
48 2034 204839 83672
