1 1497 3803 2340
2 1199 3373 2052
3 1098 3033 1927
4 937 3503 1889
5 937 3316 1707
6 819 3316 1659
7 804 3190 1641
8 804 3236 1510
9 699 3418 1562
10 699 3266 1518
11 699 3023 1540
12 699 2793 1502
13 699 2835 1453
14 699 3192 1523
15 677 3711 1470
16 677 2774 1401
17 660 2754 1456
18 660 3064 1434
19 660 2945 1398
20 660 2688 1301
21 660 3162 1412
22 660 3474 1415
23 659 2866 1473
24 659 2758 1442
25 659 3394 1421
26 656 3634 1472
27 656 3502 1503
28 656 3296 1530
29 609 3018 1383
30 609 3052 1474
31 605 3041 1431
32 605 2984 1451
33 605 2958 1467
34 605 2899 1405
35 605 3406 1530
36 605 3529 1447
37 605 3435 1388
38 605 3414 1358
39 600 3789 1464
40 600 3485 1424
41 600 2933 1392
42 600 2814 1367
43 600 2923 1393
44 600 3360 1400
45 600 4005 1466
46 600 4005 1476
47 600 3390 1386
48 600 3390 1356
