1 492 1156 951
2 492 1156 898
3 404 1156 848
4 368 1156 817
5 368 1156 791
6 368 1156 770
7 368 1156 751
8 312 1156 738
9 312 1156 725
10 312 1156 705
11 308 1156 693
12 252 1152 674
13 224 1152 663
14 224 1152 645
15 224 1152 637
16 224 1156 644
17 80 1156 629
18 80 1156 622
19 80 1156 611
20 80 1156 597
21 80 1156 595
22 80 1156 583
23 80 1156 582
24 80 1156 572
25 80 1156 557
26 68 1156 545
27 68 1156 534
28 68 1156 523
29 68 1152 520
30 68 1156 515
31 68 1156 520
32 68 1156 521
33 68 1152 516
34 68 1156 512
35 68 1156 509
