1 140000 222910 177781
2 99784 212790 163351
3 81266 214904 150561
4 62750 215840 140478
5 54420 220340 132089
6 47518 213680 126903
7 33378 249090 120678
8 30254 218010 116017
9 30254 218410 111909
10 25986 281364 108159
11 20564 278104 105179
12 15128 218110 101575
13 13478 252586 99304
14 11974 220176 96412
15 8996 218808 94247
16 8996 224320 92431
17 8458 219970 92641
18 7308 221800 89760
19 7308 244064 87687
20 6936 219526 86888
21 5578 216334 84715
22 5436 230970 84956
23 5326 226030 84084
24 5326 216150 84303
25 5226 250796 84587
26 5068 216568 83204
27 4884 213338 83365
28 4884 216730 83495
29 4884 211480 83567
30 4824 218128 84439
31 4764 235642 84500
32 4764 235386 82620
33 4764 217550 82133
34 4764 237702 82239
35 4764 218590 83310
36 4764 217172 84437
37 4764 254460 83535
38 4764 214710 82996
39 4764 235180 84048
40 4764 211046 84949
