1 1366 4018 2439
2 1127 3805 2189
3 998 3527 2004
4 988 3815 1869
5 806 3994 1802
6 637 3658 1710
7 637 4056 1639
8 632 3976 1616
9 611 3678 1557
10 577 3900 1526
11 557 4374 1460
12 557 4341 1456
13 545 3806 1447
14 537 3899 1427
15 537 3508 1393
16 537 3818 1432
17 537 3732 1420
18 537 3981 1439
19 537 3987 1420
20 537 3628 1397
21 537 3745 1386
22 536 3604 1389
23 536 4161 1407
24 536 4061 1388
25 536 3691 1394
26 536 3586 1381
27 536 4354 1380
28 536 4354 1386
29 536 3843 1365
30 536 4117 1354
31 536 4095 1353
